# This file may be used to create an environment using:
# $ conda create --name <env> --file <this file>
# platform: win-64
# created-by: conda 24.11.3
_openmp_mutex=4.5=2_gnu
accel-brain-base=1.1.0=pypi_0
ampl-asl=1.0.0=he0c23c2_2
bzip2=1.0.8=h2bbff1b_6
ca-certificates=2025.8.3=h4c7d964_0
cloudpickle=3.1.1=pypi_0
contourpy=1.3.3=pypi_0
cppad=20250000.2=he0c23c2_0
cycler=0.12.1=pypi_0
expat=2.7.1=h8ddb27b_0
fonttools=4.59.2=pypi_0
gmp=6.3.0=hfeafd45_2
ipopt=3.14.19=h75e447d_1
kiwisolver=1.4.9=pypi_0
libblas=3.9.0=34_h5709861_mkl
libboost=1.88.0=h9dfe17d_1
libcblas=3.9.0=34_h2a3cdd5_mkl
libexpat=2.7.1=hac47afa_0
libffi=3.4.4=hd77b12b_1
libgcc=15.1.0=h1383e82_4
libgomp=15.1.0=h1383e82_4
libhwloc=2.12.1=default_h88281d1_1000
libiconv=1.18=hc1393d2_2
liblapack=3.9.0=34_hf9ab0e9_mkl
liblzma=5.8.1=h2466b09_2
liblzma-devel=5.8.1=h2466b09_2
libmpdec=4.0.0=h827c3e9_0
libsqlite=3.50.4=hf5d6505_0
libwinpthread=12.0.0.r4.gg4f2fc60ca=h57928b3_9
libxml2=2.13.8=h741aa76_1
libzlib=1.3.1=h2466b09_2
llvm-openmp=20.1.8=hfa2b4ca_1
matplotlib=3.10.6=pypi_0
mkl=2024.2.2=h57928b3_16
mpfr=4.2.1=hbc20e70_3
mumps-seq=5.8.1=hea37e11_2
numpy=2.3.2=py313hce7ae62_0
openssl=3.5.2=h725018a_0
packaging=25.0=pypi_0
pandas=2.3.2=pypi_0
pcre2=10.45=h99c9b8b_0
pillow=11.3.0=pypi_0
pip=25.1=pyhc872135_2
pygad=3.5.0=pypi_0
pyparsing=3.2.3=pypi_0
python=3.13.2=h261c0b1_101_cp313
python-dateutil=2.9.0.post0=pypi_0
python_abi=3.13=0_cp313
pytz=2025.2=pypi_0
scip=9.2.3=h89aff08_2
setuptools=78.1.1=py313haa95532_0
six=1.17.0=pypi_0
sqlite=3.50.2=hda9a48d_1
tbb=2021.13.0=h18a62a1_2
tk=8.6.13=h2c6b04d_2
tzdata=2025.2=pypi_0
ucrt=10.0.22621.0=haa95532_0
vc=14.3=h2df5915_10
vc14_runtime=14.44.35208=h4927774_10
vs2015_runtime=14.44.35208=ha6b5a95_10
wheel=0.45.1=py313haa95532_0
xz=5.8.1=h208afaa_2
xz-tools=5.8.1=h2466b09_2
zlib=1.3.1=h2466b09_2
zstd=1.5.7=hbeecb71_2
